1226.41
1205.73
1212.74
654.691
1270.72
610.53
1217.5
1212.63
1210.78
1214.61

1219.04
1220.48
1222.6
653.889
1255.21
617.512
1220.77
1217.53
1213.63
1216.07

1222.3
1223.18
1214.61
660.708
1246.91
611.002
1212.59
1208.34
1219.51
1219.02

1223.54
1219.73
1220.07
663.763
1251.29
617.016
1222.32
1209.16
1210.43
1221.88

1227.16
1229.39
1221.36
659.917
1254.93
614.838
1220.47
1197.85
1215.31
1214.7

1222.19
1224.01
1225.64
661.318
1242.73
625.02
1222
1208.48
1219.54
1214.89

1216.12
1222.39
1225.9
654.93
1252.57
612.709
1228.66
1219
1208.16
1218.92

1222.91
1227.45
1221.72
656.09
1260.02
612.826
1226.29
1208.82
1219.41
1207.55

1227.17
1222.55
1218.65
656.3
1252.12
617.213
1227.19
1213.35
1211.94
1214.99

1231.17
1224.89
1218.02
653.219
1242.86
619.022
1226.46
1210.97
1217.51
1216.06

